26
28
53
5
57
6
24
25
29
28
32
25
29
27
28
31
25
28
30
26
28
29
28
28
29
29
27
29
28
28
28
29
28
29
28
28
33
25
27
28
28
28
28
28
32
24
29
30
28
28
31
26
29
28
28
31
25
29
28
28
29
28
28
29
29
30
26
28
28
29
28
29
28
29
27
29
28
28
28
28
28
29
28
27
28
29
28
28
28
28
28
28
29
28
32
24
28
28
44
15
31
24
28
28
29
29
28
28
28
29
29
27
29
31
25
28
28
28
28
28
28
29
28
28
29
27
28
29
30
27
28
30
26
29
29
29
28
29
28
29
28
28
29
28
29
27
28
29
27
33
23
28
32
25
28
28
28
29
27
29
30
26
28
34
22
28
29
28
30
28
29
30
27
28
28
28
28
28
33
23
28
32
24
29
29
29
28
28
28
29
27
28
28
29
29
29
27
29
28
28
31
26
28
28
36
22
28
31
26
28
29
27
28
29
28
30
27
28
29
28
28
29
29
28
29
27
28
28
32
24
29
28
28
30
26
28
31
26
28
29
28
29
28
28
29
28
28
28
28
28
28
28
29
29
28
28
28
32
25
28
28
28
30
26
29
30
26
28
29
29
28
28
30
28
27
29
30
28
27
29
28
29
27
33
24
28
30
26
29
28
29
31
25
29
28
32
25
28
28
28
29
28
30
27
28
28
29
27
28
31
26
28
32
24
29
29
28
27
28
28
28
29
28
28
28
29
28
29
28
28
28
29
28
28
28
28
28
28
29
28
29
28
28
29
29
28
29
29
28
28
28
29
29
28
28
28
29
27
29
29
28
27
31
25
29
29
29
27
28
28
28
30
26
34
23
28
28
29
29
47
10
29
29
28
28
29
27
28
31
26
28
29
27
28
28
29
30
26
28
28
29
28
28
28
29
28
28
29
27
28
29
30
26
29
28
28
28
28
29
27
30
26
28
29
28
28
28
28
29
27
29
28
28
28
28
28
30
27
29
28
30
26
28
29
29
28
28
28
28
31
26
28
29
29
28
28
30
28
28
32
30
28
23
28
28
29
28
32
24
29
27
28
28
29
28
28
28
29
29
27
28
28
28
28
29
28
29
27
29
28
28
28
28
28
29
28
29
27
29
28
28
29
28
28
28
28
28
32
24
29
28
28
30
27
28
32
31
26
27
26
29
27
30
29
29
26
29
28
28
29
34
23
26
28
29
28
31
25
29
28
28
29
27
28
30
26
28
29
28
28
28
28
30
62
1
20
29
28
29
28
29
29
28
36
50
1
26
29
29
37
20
27
28
28
28
28
28
29
28
28
29
32
26
27
28
30
26
28
34
26
28
31
22
30
29
28
28
28
28
30
26
28
29
81
1
3
28
28
28
29
27
28
29
28
29
27
28
35
21
28
29
28
29
29
26
29
28
29
28
29
28
28
27
28
29
28
28
29
28
28
29
28
28
29
57
1
29
26
28
28
29
28
31
25
31
25
30
37
17
28
46
12
27
28
33
28
24
29
29
28
28
29
29
30
28
28
27
29
30
26
29
28
28
29
28
28
29
27
28
28
29
28
28
29
29
28
28
29
29
30
27
28
29
29
30
26
28
28
28
28
29
28
28
28
29
28
28
33
24
28
28
28
31
26
29
30
27
29
29
26
28
28
28
30
28
29
28
42
15
28
29
29
30
29
26
27
34
21
29
27
30
28
28
28
30
26
28
31
26
28
28
29
29
26
29
28
28
28
28
30
28
28
28
29
28
31
26
27
28
29
29
26
29
31
26
27
29
28
28
28
28
31
26
28
28
29
27
31
26
29
28
28
28
29
33
25
28
28
29
28
29
29
28
29
27
29
28
29
27
29
28
28
28
30
29
26
28
28
29
28
28
29
28
30
27
27
29
29
30
26
30
31
25
28
29
29
30
25
28
29
27
28
29
29
30
26
30
27
28
30
27
28
28
29
29
27
28
30
27
28
31
26
28
28
29
30
28
28
27
29
31
26
28
29
29
29
28
35
24
25
28
28
29
29
28
28
28
28
32
25
28
29
28
29
28
29
28
28
29
28
28
29
28
28
29
28
27
30
27
28
29
31
26
28
31
25
28
30
27
28
28
28
29
27
29
29
27
28
28
30
27
28
29
29
27
29
30
28
28
28
30
27
28
31
25
28
29
28
28
29
29
29
28
28
29
27
28
29
28
29
28
29
28
28
33
24
28
28
28
28
29
29
29
29
28
28
29
28
27
28
29
27
33
25
28
29
28
29
28
