29
32
25
27
28
28
29
29
27
29
27
29
31
26
28
29
29
28
29
31
25
28
30
27
28
29
28
30
29
27
31
28
28
32
27
24
29
30
30
25
32
25
28
28
40
17
28
28
29
28
29
32
25
29
28
34
23
28
27
29
29
33
24
28
29
29
28
28
30
27
31
26
28
29
28
28
28
28
29
27
28
31
25
28
29
29
28
29
28
28
28
28
30
26
29
28
28
29
32
23
29
28
29
28
28
28
30
27
28
28
31
26
40
19
26
28
29
27
29
30
29
27
26
29
35
27
23
28
28
28
28
28
29
29
28
29
29
28
29
29
27
28
30
27
30
29
27
29
28
28
28
28
29
29
28
27
28
28
28
28
30
26
29
30
26
28
28
29
29
28
28
29
29
29
28
28
29
28
34
23
59
1
24
29
28
28
29
27
28
31
26
28
29
29
28
29
28
29
27
28
31
28
27
28
28
28
29
29
29
27
29
28
28
28
29
30
27
27
30
28
30
27
27
28
29
28
29
28
31
26
27
28
29
30
27
28
30
26
28
28
29
28
29
29
29
27
28
31
25
28
28
28
28
28
29
29
27
33
24
29
28
28
30
26
29
30
26
28
29
27
29
29
28
30
26
29
28
29
28
29
28
28
29
33
24
34
22
28
32
24
29
28
28
30
26
33
24
34
26
31
22
28
32
24
30
27
28
30
25
30
27
29
31
27
30
29
26
28
29
28
28
28
29
27
32
25
31
25
28
29
33
28
23
28
31
25
30
28
28
28
29
29
27
36
21
32
25
29
28
30
29
28
30
24
28
30
26
31
26
32
27
25
29
36
21
31
29
25
31
25
32
25
33
24
28
28
30
26
29
28
28
28
29
29
28
29
28
31
27
27
34
22
28
28
28
28
29
27
31
26
30
34
21
29
28
37
26
26
25
37
23
24
32
26
27
28
30
36
20
29
31
25
30
31
24
31
26
28
28
28
29
28
28
28
28
28
28
29
33
25
45
10
28
30
27
32
27
27
29
28
28
28
28
29
30
26
28
28
29
28
28
28
28
28
30
27
28
28
29
28
29
29
28
29
28
29
29
28
28
28
28
29
29
28
28
28
30
28
32
27
30
27
43
16
29
28
29
47
15
23
30
27
27
29
28
30
28
28
28
29
28
30
35
21
29
31
27
29
32
26
29
33
26
28
29
36
22
29
31
27
29
29
31
27
29
29
29
29
29
33
25
29
29
29
29
29
29
29
28
31
28
28
29
29
31
26
28
31
28
28
41
17
27
28
31
26
29
29
27
29
28
33
24
28
29
30
27
29
28
30
27
28
31
25
28
29
27
28
29
38
21
27
28
28
28
29
29
27
33
24
27
29
28
28
29
28
28
29
29
28
28
30
26
30
27
30
26
28
32
27
25
29
28
28
28
28
28
34
24
28
30
37
18
28
29
29
40
26
18
28
35
22
29
31
27
30
27
28
29
28
29
28
29
28
29
31
26
29
29
28
28
31
26
29
29
29
27
29
30
27
30
26
29
30
27
28
29
28
28
28
28
29
28
34
22
28
29
28
30
27
28
30
26
29
30
27
28
29
28
29
29
28
30
27
44
13
29
29
29
28
29
28
28
29
28
28
28
28
29
28
29
29
30
28
28
28
28
28
29
29
29
31
27
28
37
20
28
34
25
32
34
19
30
28
28
27
29
29
29
28
28
30
28
28
28
30
27
30
27
28
29
28
28
28
29
29
31
27
28
30
27
31
25
29
33
25
30
28
27
29
34
23
27
32
24
28
29
29
30
28
29
33
24
34
37
16
26
29
29
29
28
29
29
29
27
29
36
22
28
31
28
26
33
24
29
32
25
29
29
27
29
29
29
33
25
28
27
30
27
29
28
30
27
28
31
27
27
30
29
27
29
45
10
39
24
50
5
25
30
29
28
29
29
29
29
29
28
30
28
29
27
29
29
29
28
29
29
29
29
32
25
29
28
29
28
29
29
29
29
29
28
28
30
28
31
26
28
29
27
28
29
29
30
27
28
28
28
29
28
33
26
28
32
26
29
28
30
29
28
29
28
28
32
24
29
28
28
29
30
28
28
29
29
27
29
28
28
29
29
28
31
26
29
28
29
31
27
28
28
29
28
29
39
16
29
31
27
35
22
26
29
28
30
28
29
29
28
32
26
28
30
29
28
31
26
31
27
29
29
28
30
27
29
28
29
28
28
29
29
28
28
29
28
29
28
28
28
30
27
28
29
35
22
28
27
28
28
28
28
