60
28
28
25
29
28
29
31
25
28
28
29
32
24
34
24
28
29
28
34
23
28
29
27
29
27
29
28
28
31
28
26
27
29
27
29
27
32
26
28
28
29
28
33
23
28
28
36
21
27
29
29
29
30
26
29
29
28
28
30
27
32
25
28
28
28
29
29
27
32
25
28
28
28
28
28
34
28
26
24
29
29
28
32
26
28
29
28
28
28
31
27
30
26
28
33
24
28
28
28
29
27
29
28
28
28
35
22
29
27
30
27
31
27
26
28
28
29
27
32
25
31
27
30
28
27
30
26
28
29
35
28
25
24
28
31
26
30
26
28
29
27
29
28
28
29
29
30
27
26
28
29
27
36
22
28
28
29
30
27
29
30
26
28
28
28
28
28
31
26
30
27
28
28
28
29
27
29
28
28
28
28
34
31
20
28
28
28
29
30
26
39
17
31
26
28
32
24
29
30
24
29
28
29
29
26
29
28
29
28
29
32
26
29
28
29
29
30
29
28
30
33
24
29
29
41
17
30
32
25
29
31
27
29
28
28
29
27
28
28
29
28
29
29
27
28
29
28
28
37
19
32
26
29
31
26
26
28
28
30
28
27
31
27
33
24
29
31
25
28
28
36
26
23
33
24
43
15
28
28
28
28
28
31
33
21
28
35
26
24
30
28
31
24
28
29
29
27
31
27
27
31
25
28
29
28
28
29
27
29
29
29
30
31
23
29
30
26
28
29
29
27
28
29
28
31
26
29
28
37
24
30
27
45
8
28
29
28
31
25
28
28
29
30
26
35
23
27
31
26
28
29
29
28
29
27
29
28
29
28
29
30
28
26
35
22
27
29
28
30
28
28
35
21
28
29
28
28
37
23
27
27
28
32
32
21
28
28
29
28
35
23
29
27
28
30
27
28
28
28
28
32
24
31
27
29
27
30
29
26
28
37
20
29
29
26
28
32
25
28
28
30
27
29
30
26
29
29
29
28
28
35
23
26
28
28
28
28
29
48
30
12
28
31
21
28
29
27
29
30
28
26
29
30
27
32
25
29
28
28
29
28
27
29
28
31
30
23
28
28
29
32
24
28
29
28
28
33
24
31
25
28
30
27
32
25
29
28
28
29
27
29
32
24
30
26
29
28
28
28
31
25
29
28
28
29
29
28
27
30
28
28
28
29
28
36
25
28
30
26
38
21
23
29
30
26
29
27
28
32
25
28
29
29
27
29
27
31
26
32
25
28
30
26
36
21
30
61
10
13
29
28
28
29
28
29
28
28
28
29
31
25
29
28
28
28
28
28
28
28
30
27
29
28
28
28
32
29
24
29
28
30
27
28
30
26
28
28
30
27
28
28
28
29
28
28
28
28
29
29
28
27
30
27
28
31
26
28
28
28
29
31
24
31
26
29
29
27
29
29
30
26
29
27
28
29
32
25
28
28
28
29
27
29
32
24
29
28
28
28
29
40
22
24
28
26
29
28
29
27
29
28
30
29
27
29
32
25
27
29
28
28
29
30
26
28
28
30
26
29
28
28
28
28
28
29
35
21
31
31
23
39
18
27
29
28
30
28
28
37
20
27
32
24
28
29
31
26
36
20
28
34
23
28
30
34
21
27
29
29
27
28
30
27
28
28
29
28
32
25
28
30
29
27
28
29
27
33
26
26
28
29
31
26
29
28
30
26
28
30
30
24
33
24
43
13
43
13
28
28
32
24
29
29
28
30
37
27
22
27
29
28
28
28
28
30
31
24
35
22
28
28
29
29
36
19
33
23
29
28
31
29
24
28
29
29
28
34
22
29
33
24
28
29
32
25
30
30
29
23
29
28
28
28
29
28
28
29
28
29
30
26
29
29
28
37
21
28
27
29
28
32
24
30
29
27
34
48
7
25
31
32
31
19
34
23
29
28
29
54
1
31
27
28
31
28
26
29
27
32
25
29
29
30
25
29
29
29
26
30
29
27
31
27
28
28
28
29
27
28
29
28
27
29
29
28
28
29
28
36
26
22
29
45
12
28
29
28
35
27
32
25
28
28
28
29
28
29
31
26
32
24
28
29
29
29
28
28
28
33
24
32
27
25
28
28
32
25
29
29
28
28
28
29
27
29
29
32
24
28
33
24
30
28
29
27
28
28
28
29
28
28
29
28
28
31
28
26
28
28
30
30
25
29
28
29
28
29
28
27
31
27
27
29
29
28
28
28
28
32
28
25
30
28
29
28
30
26
32
25
28
34
23
28
28
28
28
32
24
30
39
17
30
25
33
23
28
28
32
