2353
2377
2151
1843
2407
2202
2969
1536
1331
1843
1744
2559
2762
2458
1742
1891
2094
1647
2130
1761
2048
2048
2765
2048
1228
1434
2562
1841
1946
2151
1638
2151
2457
1745
2249
1415
2373
2458
2252
1947
2437
2301
2635
2052
2556
2661
2112
2292
1843
2766
2150
2512
1994
2195
1234
1279
2665
1646
2347
1851
1427
2189
2111
2354
1946
2560
1537
1842
1946
1434
1024
1741
2046
1333
1843
1331
1640
1535
2355
1433
2563
1952
2645
1444
1440
2244
1750
1912
2689
2046
2047
1844
1843
1844
2457
2257
2249
1949
1840
1536
2048
2049
2662
2401
2308
1848
1943
1433
1945
2765
1331
2150
2357
2149
1844
1406
2587
2354
2459
