0
0
0
0
0
0
0
0
0
0
1305
1132
1112
1110
1107
1129
1134
1134
1107
1115
1115
1116
1123
1127
1124
1105
1122
1125
1115
1130
1122
1128
1602
1044
1370
1110
1207
1222
1213
1099
1121
1337
1249
1417
1825
1216
1101
1084
1087
1280
1082
1267
1425
1629
1892
1250
1278
1303
1275
1107
1064
1054
1058
1045
1071
1050
1035
1042
1023
1032
1018
1019
1018
1019
1010
994
1003
2133
1536
1968
1214
1248
1514
1876
1170
1435
1615
1831
2045
1549
1589
1663
1719
1782
1834
1888
1925
1970
2013
2046
1586
1579
1577
1570
1567
1573
1580
1580
1600
1613
1607
1588
1604
1626
1668
1661
1625
1587
1573
1570
1566
1557
1555
1563
1567
1563
1559
1515
1486
1474
1471
1474
1465
1468
1463
1376
1320
1307
904
856
841
829
1119
1342
1532
1171
1249
1247
1129
849
1072
1177
1308
1425
1557
1685
1815
1533
1470
1469
1455
1398
1366
1363
1417
1375
1265
1269
1245
1281
1329
1378
1428
1475
1532
1573
1609
1632
