27
25
29
27
28
28
34
23
28
28
28
29
28
29
28
28
28
31
26
29
28
28
31
39
15
28
29
27
28
29
28
28
28
48
9
29
26
29
28
29
28
29
27
28
28
30
27
29
30
34
23
29
27
28
28
43
13
29
30
26
28
29
28
28
28
29
33
22
28
29
30
26
28
28
30
26
28
30
27
28
32
24
29
29
33
23
28
29
29
27
28
28
28
33
23
29
28
28
31
25
29
28
29
28
29
28
30
26
30
30
25
28
29
28
28
28
28
29
28
28
29
28
34
22
29
29
28
28
28
28
28
29
29
27
29
30
26
28
36
21
28
28
28
28
28
28
28
29
28
29
27
33
32
23
28
28
32
26
28
28
28
28
29
28
28
28
28
29
28
28
29
28
29
29
29
29
28
28
29
27
29
29
27
28
29
29
29
26
29
29
29
28
29
27
30
27
28
30
27
27
29
27
28
36
22
29
27
28
28
28
28
29
27
80
1
3
28
29
29
29
27
28
28
28
30
28
28
29
28
31
25
28
35
22
28
28
28
28
29
28
29
28
28
30
26
29
29
28
28
29
29
27
29
28
28
29
28
29
32
26
28
29
27
29
28
28
28
28
31
25
28
29
33
25
30
25
28
28
28
28
29
28
28
28
28
29
28
29
28
28
31
27
28
28
28
29
28
30
26
29
27
29
27
32
24
29
29
28
28
29
28
28
28
28
29
28
29
29
28
29
27
33
24
28
29
28
29
28
29
29
29
28
28
29
28
29
28
46
10
28
29
28
28
28
30
27
28
28
29
28
30
27
28
28
28
33
25
28
28
29
28
28
28
28
29
29
28
28
33
25
28
28
28
28
31
27
27
29
28
29
28
28
28
29
29
27
28
29
28
27
29
30
27
28
29
28
28
29
29
29
28
29
30
26
28
28
29
29
31
28
25
29
29
28
28
30
34
25
24
30
31
24
29
36
19
30
28
27
29
28
28
29
28
32
25
29
29
29
39
17
31
25
29
39
20
25
29
28
28
30
28
27
28
29
31
26
31
26
28
28
28
28
29
27
28
29
29
33
22
29
28
30
28
27
29
36
21
28
29
28
31
26
28
28
28
30
28
27
28
30
28
29
27
29
27
29
28
28
28
28
27
29
31
26
28
29
29
31
26
31
25
28
30
26
28
29
28
28
29
29
27
29
28
28
28
28
27
28
29
28
39
21
25
28
30
27
29
30
28
27
28
28
29
33
23
31
27
28
30
27
28
28
28
28
29
29
27
28
28
29
29
36
21
27
28
28
30
28
27
29
27
29
29
27
28
29
29
28
28
28
32
25
29
28
28
31
26
28
29
28
34
23
27
28
28
29
27
29
27
29
28
33
25
29
30
26
28
29
28
28
31
26
29
29
30
26
30
27
28
32
25
28
28
28
28
29
29
29
27
32
33
23
28
25
50
8
26
29
28
28
28
29
29
29
28
28
28
29
30
27
29
28
28
28
28
31
26
28
28
28
30
29
26
27
29
29
38
20
27
29
29
53
4
27
28
28
29
29
27
33
24
29
28
29
28
29
38
22
23
29
29
28
29
27
34
42
9
27
29
28
28
28
28
29
28
28
29
29
31
26
27
29
28
29
28
28
28
28
29
32
25
29
29
26
32
24
28
29
28
29
29
27
28
28
42
15
30
29
27
32
24
29
34
23
28
29
30
27
28
29
29
29
27
32
26
29
27
29
28
32
29
35
17
28
29
28
28
28
29
27
29
29
28
27
29
28
29
28
29
28
29
27
29
29
27
29
26
30
28
32
25
28
28
29
29
29
34
22
28
28
29
27
31
26
28
30
28
27
28
29
28
28
28
28
28
30
26
28
32
25
28
28
28
28
28
29
28
29
29
28
28
32
24
28
28
28
30
27
29
29
28
28
28
29
30
27
37
21
26
28
28
29
28
28
28
28
28
28
29
29
30
27
29
28
29
28
28
42
14
28
29
30
26
30
28
28
29
27
32
25
29
28
28
29
28
29
27
28
28
30
27
31
25
29
32
26
28
29
28
35
21
28
28
29
29
28
31
28
26
31
26
29
31
24
28
29
27
28
29
28
32
25
29
28
28
33
24
28
28
29
29
28
29
28
36
20
28
28
30
27
28
32
24
31
30
24
28
28
29
29
28
28
28
28
32
26
27
29
28
28
28
29
28
28
30
28
28
28
29
28
30
27
33
25
29
29
30
32
26
28
29
29
29
29
29
29
29
28
29
29
27
29
28
28
35
22
27
33
24
