-7
8
14
-31
20
-11
27
-5
-4
-14
24
-7
-32
8
4
5
19
-5
14
-19
-15
22
-5
-14
6
-9
-2
0
8
7
-7
-23
26
-19
41
-14
-3
-5
-1
6
1
12
-18
-14
7
10
18
-14
16
-41
-1
-11
36
-38
101
-80
49
-20
-26
-34
83
-21
-44
21
-4
19
-7
-69
104
-76
63
-44
28
3
-4
49
-49
77
-118
49
-47
12
-2
-4
58
-71
30
85
-83
32
-18
15
-17
24
-23
2
-14
19
-2
31
-74
32
39
-73
41
24
-7
31
-1
-56
-4
99
-34
-91
29
54
-20
21
-87
17
0
7
-12
48
-37
50
-59
44
37
-81
8
-10
15
-33
120
-89
-5
44
-31
-30
21
-46
83
2
-35
64
-63
0
-9
18
-5
1
16
-89
73
23
-53
68
-77
86
