0
5
6
8
10
12
13
14
15
17
18
19
20
22
23
24
25
27
28
29
31
32
33
34
36
37
38
39
41
42
43
44
47
48
49
50
52
53
54
56
57
59
60
62
63
64
65
67
68
69
70
72
73
74
76
77
78
79
81
82
83
84
87
88
89
91
92
93
94
97
98
99
100
102
103
105
107
108
109
110
112
113
114
115
117
118
119
120
122
123
124
125
127
128
129
130
132
133
134
135
138
139
140
142
143
144
145
147
148
149
150
152
153
154
155
157
158
160
162
163
164
165
167
168
169
171
172
173
174
176
177
178
179
181
182
183
184
186
187
188
189
191
193
194
196
197
198
199
201
202
203
206
207
208
209
211
212
213
214
216
217
218
219
221
222
224
226
227
228
229
231
232
233
235
236
237
238
240
241
