1084
900
767
837
887
913
919
1031
1054
897
866
855
950
1079
1203
1138
879
847
778
847
954
967
890
597
590
421
460
341
497
897
802
838
956
956
851
848
871
877
788
793
806
810
843
912
991
974
1015
887
825
801
823
887
1155
858
606
678
845
978
1039
807
719
767
729
753
859
919
887
832
762
870
807
696
646
708
720
837
611
575
591
611
699
689
750
615
627
784
894
749
437
410
632
481
427
369
405
432
428
401
402
492
442
419
435
412
397
446
469
434
449
394
369
462
535
577
439
382
381
434
475
485
469
394
397
501
475
479
447
420
415
466
478
499
442
405
615
674
527
477
401
360
427
476
521
479
388
392
456
479
537
571
714
414
430
521
491
464
429
456
575
476
431
405
350
340
392
380
303
164
185
235
174
182
629
334
222
185
155
145
136
127
212
181
141
201
165
149
142
224
162
141
112
268
148
136
360
709
279
155
106
74
67
114
172
130
100
86
476
243
237
400
823
523
665
735
716
621
596
589
610
555
606
471
464
449
473
509
535
491
496
480
489
415
795
632
479
466
503
407
344
391
478
393
366
370
403
374
363
440
380
346
358
300
328
555
700
646
527
485
301
255
257
227
288
264
227
403
519
435
465
670
958
533
679
688
638
643
636
640
638
451
594
497
491
482
559
515
434
396
409
455
431
393
775
478
340
337
344
313
356
331
333
374
382
388
366
371
393
361
326
329
449
508
518
592
799
708
600
535
434
329
335
420
470
456
428
554
488
528
372
765
621
547
537
606
609
649
606
540
512
543
660
667
540
586
523
547
536
535
545
422
393
614
569
451
379
315
320
299
286
288
282
237
270
253
274
262
259
230
266
250
386
208
206
384
612
273
227
197
167
157
138
216
167
171
293
483
233
162
177
626
307
238
192
184
182
159
171
215
166
165
219
176
176
200
219
186
178
238
220
148
187
656
262
196
191
162
150
149
177
181
171
178
210
143
142
235
194
168
144
298
163
146
186
642
246
199
122
107
104
79
129
153
111
117
522
272
216
258
852
747
678
741
725
673
636
570
582
521
529
518
535
478
547
579
570
519
483
547
578
572
529
741
568
471
488
496
491
452
464
454
422
459
399
404
385
421
381
369
328
390
337
337
418
633
582
464
359
311
295
284
292
267
257
243
389
450
424
531
667
856
629
571
582
550
599
511
495
605
469
518
533
511
507
503
485
462
384
329
310
276
274
492
429
318
269
254
276
275
316
374
309
333
383
331
315
346
383
355
307
363
390
439
493
718
524
295
243
389
425
482
376
551
537
478
338
475
375
443
473
779
601
504
520
582
460
514
545
559
554
420
446
455
468
502
460
445
424
516
417
437
454
681
541
472
420
374
405
386
356
460
401
424
449
391
369
419
456
347
228
222
286
209
189
647
497
262
217
209
219
200
196
261
224
192
179
501
232
213
252
722
303
243
186
180
177
154
179
275
168
187
198
146
139
224
204
166
152
246
159
117
159
752
315
226
165
160
138
124
126
282
158
133
249
140
135
245
248
167
143
376
197
133
102
579
355
230
175
105
118
91
143
194
136
111
261
364
180
131
210
690
455
470
429
480
446
405
403
441
436
424
451
395
380
412
395
308
345
397
417
402
389
734
484
412
398
323
311
310
316
373
331
316
301
328
298
328
382
303
283
302
403
310
283
337
823
649
681
595
612
627
543
347
341
332
320
430
544
497
659
700
843
650
739
748
726
688
642
624
693
508
535
588
772
724
557
387
310
324
311
387
499
644
631
828
753
635
703
714
620
633
617
689
698
724
643
681
663
671
559
457
322
320
251
284
392
702
640
666
622
613
432
364
368
397
300
304
303
524
435
507
559
740
510
547
632
598
509
504
476
533
594
531
505
508
533
577
581
508
419
497
443
545
416
706
472
370
409
420
337
321
291
381
345
301
307
307
265
295
336
257
235
269
353
277
265
556
550
326
246
226
203
180
218
232
241
246
231
519
274
236
232
626
367
272
266
257
230
228
267
293
262
229
314
242
190
304
279
210
219
332
257
229
236
681
481
319
270
238
235
236
216
374
312
235
317
249
231
276
305
254
234
428
329
273
246
791
543
282
221
171
126
102
105
229
146
127
162
303
114
111
484
628
383
447
472
519
461
491
518
465
453
478
445
480
454
429
471
439
438
411
513
519
635
587
479
426
388
409
367
388
417
437
336
369
362
372
370
344
314
303
403
391
319
293
699
791
706
603
571
463
272
264
354
398
369
403
597
494
472
416
753
605
654
561
496
477
523
390
548
