16
16
16
16
29
17
17
17
17
17
15
15
15
16
16
16
16
16
16
16
15
16
15
16
16
16
15
16
16
16
16
16
18
23
16
15
16
15
18
16
15
17
19
18
16
17
15
15
16
19
19
20
21
21
26
15
21
23
14
15
15
15
15
16
16
15
15
15
15
15
15
15
15
15
15
15
15
24
24
22
14
21
21
26
14
21
28
29
27
14
27
26
26
26
26
26
25
25
24
25
21
21
20
22
24
23
21
21
21
18
16
17
20
21
20
14
14
14
14
14
14
14
14
14
14
14
14
14
14
14
14
14
14
14
14
14
13
14
13
14
13
13
21
20
16
18
17
13
13
14
15
25
24
25
28
29
29
14
20
16
14
14
20
19
19
14
13
16
19
21
23
22
22
22
22
22
21
20
