27
28
28
28
29
31
26
30
28
30
26
28
29
30
28
28
33
26
28
28
28
30
41
18
28
28
25
51
9
27
33
23
31
25
34
25
28
28
29
30
27
38
20
28
29
28
29
31
29
28
28
30
30
27
28
34
24
29
30
27
28
28
29
28
29
29
35
22
29
29
30
28
28
30
29
27
29
29
29
29
29
28
27
34
26
27
29
28
30
29
29
30
26
29
30
28
31
27
36
22
36
23
27
29
29
30
26
29
29
29
28
29
29
29
27
29
32
26
30
28
28
29
28
34
23
28
28
30
27
28
31
35
20
29
30
26
31
27
29
29
28
35
22
29
29
27
29
28
29
28
29
29
29
28
27
29
30
28
29
30
27
27
29
31
26
29
31
28
29
26
29
32
25
29
29
29
31
28
26
30
26
30
29
27
28
29
28
29
30
27
28
42
15
28
30
30
26
29
28
28
30
29
44
22
18
30
27
29
27
42
15
34
24
32
24
30
28
28
29
28
36
23
30
27
30
25
29
41
18
26
30
29
28
28
29
29
28
29
29
27
29
30
31
25
28
30
27
28
33
29
34
18
29
29
28
28
34
23
28
29
28
32
26
29
28
28
30
28
29
30
40
16
29
29
29
29
28
30
26
28
29
34
23
30
26
29
27
29
33
26
26
29
31
27
28
29
31
26
28
36
20
31
28
30
26
28
32
26
28
30
28
28
28
29
29
28
30
41
18
25
28
30
28
30
28
27
28
29
29
28
28
28
29
29
28
30
26
28
29
27
29
30
30
27
28
29
29
30
27
30
27
29
32
28
39
19
27
29
27
28
32
25
28
30
27
29
28
37
21
29
29
30
30
26
32
25
28
28
34
24
31
25
32
29
27
36
21
28
28
29
29
29
29
27
28
31
28
27
29
29
30
27
29
35
21
28
28
28
31
28
28
28
29
29
28
28
29
28
30
29
28
33
24
28
29
30
28
27
30
26
29
29
29
29
28
28
29
28
30
36
21
30
27
28
30
27
29
30
26
28
29
30
28
34
23
29
30
28
29
27
28
28
29
29
35
22
28
30
28
28
29
28
29
29
29
30
27
28
29
28
28
30
31
25
29
29
29
30
27
38
19
28
29
27
29
27
29
29
28
29
32
26
34
23
31
24
28
36
21
29
28
29
29
28
31
27
29
31
29
24
31
28
44
13
28
36
21
28
30
27
28
29
30
28
28
30
28
28
28
28
28
30
28
34
29
21
29
30
29
27
29
29
29
28
29
29
27
28
28
29
29
33
23
29
29
28
28
29
35
21
28
30
28
28
31
26
28
28
28
36
21
29
28
29
28
29
40
19
27
28
29
29
29
31
29
24
29
33
24
29
29
30
26
28
39
18
29
31
26
28
29
36
22
29
29
32
25
30
27
28
30
28
36
21
29
28
28
29
30
31
24
28
30
29
27
30
28
28
29
28
35
22
30
28
31
25
33
27
26
30
29
28
27
31
30
25
28
29
33
31
24
26
32
28
24
31
53
7
28
27
29
30
27
29
29
29
28
28
30
27
29
28
28
36
24
28
33
24
28
29
29
27
30
27
29
29
29
27
29
28
29
31
26
30
27
29
30
26
37
21
29
29
28
30
27
28
28
29
30
30
25
29
28
29
29
28
35
25
31
27
28
28
29
28
29
29
28
28
31
26
30
27
28
31
29
25
31
27
29
30
27
28
30
29
28
28
28
28
31
26
29
29
27
28
33
25
28
30
29
28
28
28
29
28
29
28
28
28
30
30
36
20
27
29
28
29
28
35
24
27
28
29
29
28
32
28
26
31
26
30
27
29
28
33
24
33
24
29
29
30
26
29
29
30
28
29
47
12
25
27
45
13
33
28
25
30
26
29
30
29
26
30
28
29
28
29
28
29
28
28
31
29
27
30
26
29
32
25
34
24
30
28
30
26
29
30
27
27
29
28
29
30
30
27
27
29
32
24
29
29
30
25
28
40
18
29
30
27
28
28
35
24
28
32
29
23
30
32
26
30
26
42
16
27
30
30
25
28
29
31
27
28
31
28
28
27
28
31
27
36
23
26
30
29
28
28
29
30
28
28
32
25
28
29
30
28
28
33
24
29
28
30
27
29
30
27
28
29
30
27
28
29
28
29
29
31
26
31
28
29
28
27
36
21
28
28
29
29
29
33
27
27
29
28
30
35
21
30
28
29
31
27
29
28
29
29
27
37
21
29
28
27
30
28
32
30
25
29
28
32
24
29
28
29
28
35
24
27
28
