41
26
28
33
24
31
25
28
31
31
27
29
33
22
29
29
31
25
29
29
29
27
30
27
28
30
30
29
25
28
28
29
28
29
36
23
27
29
28
31
26
29
29
30
28
30
27
28
32
25
30
27
30
30
26
39
19
27
28
35
22
28
29
30
27
29
31
25
29
28
29
28
28
29
29
29
27
35
26
29
27
29
28
29
28
28
29
31
28
27
29
27
28
29
30
30
26
30
29
29
28
28
40
17
29
30
27
27
30
31
27
28
29
32
25
31
27
30
27
29
31
25
31
27
29
30
27
36
20
28
30
38
18
30
30
26
28
32
27
27
28
28
28
31
27
36
22
28
28
29
28
29
32
26
27
30
33
23
28
29
28
30
27
35
22
28
30
27
29
28
32
25
29
30
27
28
28
28
29
29
27
37
20
28
29
30
26
29
33
24
28
30
29
27
29
30
26
30
29
34
22
29
29
27
29
28
32
24
29
29
29
29
28
28
28
30
28
29
29
30
26
30
27
28
31
28
27
29
33
25
27
29
30
27
28
33
25
29
28
30
31
24
29
28
28
31
28
27
28
35
23
28
30
30
26
29
29
28
31
27
35
21
30
27
29
28
30
31
24
39
20
29
29
28
35
24
26
29
33
24
30
27
28
29
29
29
28
29
30
28
28
28
29
29
29
29
29
26
29
28
28
31
25
46
11
35
23
30
39
15
28
28
29
27
34
24
30
27
29
32
25
28
29
29
30
27
29
27
29
30
27
29
31
27
27
28
29
28
28
38
19
29
32
27
26
29
28
28
29
29
31
26
29
30
28
32
24
41
16
29
30
29
33
24
30
28
28
31
29
26
28
28
29
29
29
31
27
27
29
29
30
27
36
20
29
29
28
28
30
31
26
29
29
28
28
28
28
29
29
27
35
23
29
30
28
29
28
30
27
29
31
28
28
28
31
26
29
28
30
26
28
28
29
31
25
29
28
28
32
26
28
29
28
32
25
29
32
27
30
25
29
30
27
36
24
27
29
29
28
28
31
27
28
28
28
29
29
29
29
28
28
33
26
28
28
35
29
30
35
22
28
27
29
30
26
37
21
28
29
29
28
28
28
30
27
29
31
26
28
30
25
32
27
36
40
9
29
27
28
30
26
30
29
27
28
30
28
29
27
32
25
29
28
28
32
28
27
29
33
24
27
30
34
23
29
29
27
30
28
35
23
28
29
28
29
29
30
27
29
28
32
26
28
35
22
29
33
27
25
31
27
27
32
26
42
16
28
29
29
27
29
29
28
29
29
30
26
29
29
29
28
31
32
22
29
29
27
29
30
27
28
29
28
34
24
28
28
28
29
27
36
24
30
26
28
28
29
30
27
28
28
29
28
29
30
27
29
29
33
24
30
28
27
29
28
29
28
29
31
30
24
29
29
29
28
28
32
26
28
28
30
32
30
30
22
29
30
28
28
29
31
25
29
30
32
24
29
28
29
29
28
33
24
31
25
28
28
29
31
27
32
27
37
16
29
29
30
28
28
28
29
30
28
30
29
27
28
31
25
31
29
25
32
32
23
27
30
31
25
28
28
29
31
28
26
29
28
31
29
25
28
30
29
28
28
32
27
26
29
28
31
27
36
24
24
32
26
28
29
67
0
18
36
23
27
29
28
28
30
27
37
20
30
28
29
27
28
29
29
28
29
30
25
29
30
29
28
28
35
22
28
30
28
28
28
32
25
28
30
30
25
28
28
29
30
27
37
20
29
29
29
29
27
31
27
28
28
30
29
27
28
28
31
26
35
21
29
29
29
28
29
31
26
28
28
34
23
30
28
28
28
29
34
23
28
29
27
29
28
32
27
27
29
29
28
28
29
28
29
29
33
26
25
30
27
29
28
32
25
30
28
28
28
28
29
29
30
26
35
23
30
27
29
32
33
22
28
28
31
29
26
28
33
25
28
29
32
26
27
28
30
29
27
28
30
29
28
28
30
28
31
26
28
30
30
27
29
28
29
29
28
33
24
29
29
28
31
26
43
15
27
31
30
26
28
47
10
30
28
29
28
28
29
28
29
29
34
23
28
28
28
28
29
41
18
26
29
29
28
29
29
28
28
29
39
17
30
30
29
27
28
30
27
29
27
33
23
28
29
30
27
28
39
19
29
27
32
26
28
29
29
29
28
32
27
27
28
28
29
29
32
23
31
26
28
29
29
28
28
33
23
33
24
29
28
29
28
29
34
23
31
27
28
28
29
30
26
28
29
29
29
28
28
29
29
30
31
25
30
