56
27
28
31
27
29
29
28
29
28
29
31
29
51
3
29
33
24
30
28
28
40
17
28
32
27
27
28
29
29
29
54
1
29
38
18
29
29
27
28
29
29
28
29
28
29
28
30
29
27
29
47
13
25
29
29
28
29
28
37
22
26
29
29
30
27
28
29
29
31
33
22
27
28
29
29
29
35
23
30
26
30
27
29
29
29
28
29
28
29
29
31
26
30
27
30
27
28
28
28
31
27
28
28
28
30
30
30
26
29
28
29
31
28
26
30
28
28
29
28
35
23
26
29
29
29
30
27
28
29
30
28
28
29
28
28
28
28
36
22
29
27
28
28
29
30
29
26
30
29
28
28
29
27
28
29
36
21
32
27
29
27
28
29
29
27
30
26
28
29
28
29
30
27
33
25
30
27
29
30
27
28
39
28
29
28
28
29
33
24
31
27
28
31
25
29
29
29
28
29
28
29
30
27
29
28
30
29
27
28
29
30
27
31
25
29
29
28
28
29
30
25
28
33
27
27
30
26
29
29
27
29
29
55
2
28
40
17
30
30
28
30
27
27
29
29
27
30
27
35
23
30
27
28
35
34
17
44
17
60
8
15
28
33
24
29
28
31
26
30
27
29
29
28
36
22
31
26
30
27
29
28
28
30
27
31
27
29
27
29
28
28
33
25
30
26
28
28
28
30
28
29
29
29
26
29
28
28
31
26
36
22
28
28
31
28
27
29
28
28
30
29
27
27
30
28
28
31
35
20
33
24
30
27
31
25
28
32
27
28
33
25
28
29
29
28
33
23
31
25
30
31
25
28
30
27
29
31
25
28
30
27
29
28
36
21
31
28
29
27
28
29
29
29
29
31
26
38
20
31
25
29
31
24
29
28
29
30
26
29
29
29
28
28
30
27
30
28
29
27
34
23
28
28
30
29
27
28
28
28
28
30
28
31
29
26
29
27
35
23
29
27
31
28
27
29
29
27
28
29
29
28
30
29
27
28
32
25
29
29
30
38
18
38
18
29
29
27
28
29
28
28
29
31
28
27
28
28
28
30
27
37
20
28
29
29
28
28
29
28
29
28
31
25
29
29
28
29
29
36
21
28
29
28
29
29
27
28
29
31
30
28
24
29
28
29
27
38
20
28
29
29
28
28
30
30
27
30
29
30
26
28
36
21
28
44
13
33
27
30
27
27
33
25
28
29
29
27
28
28
29
28
28
34
23
30
26
30
27
30
27
29
28
30
29
29
28
30
26
28
28
34
23
30
28
29
30
26
38
19
28
29
28
29
29
30
26
28
28
34
25
30
26
28
31
26
29
29
28
29
28
28
28
31
28
28
28
32
25
29
28
30
28
28
30
27
29
29
32
30
24
28
29
27
32
27
26
29
29
28
29
30
37
18
29
29
30
31
25
28
29
28
29
32
25
26
28
29
29
28
39
20
27
29
28
28
28
30
30
27
29
42
17
27
36
22
27
29
34
23
29
28
28
27
30
29
28
28
30
35
21
29
28
30
28
30
29
27
28
29
29
28
29
36
21
28
29
30
27
29
30
26
28
31
27
28
27
29
29
28
28
36
20
30
28
29
28
29
29
27
29
30
30
27
28
29
27
29
29
34
22
29
30
29
36
20
29
30
28
28
28
29
28
30
26
29
28
33
23
31
27
29
30
27
30
27
29
28
29
29
27
30
29
27
28
32
27
28
29
28
29
27
37
20
28
29
29
29
27
30
28
28
29
30
26
29
27
28
30
28
38
19
28
29
28
28
29
30
28
27
29
31
27
29
28
29
27
30
35
20
29
32
27
27
28
29
30
29
27
27
28
30
28
29
28
28
37
19
29
28
29
27
29
29
29
29
31
27
29
36
20
29
28
28
36
20
29
29
29
28
28
30
29
27
29
28
28
29
31
28
27
29
29
27
30
28
29
29
27
29
27
30
29
30
26
29
29
29
28
31
27
29
28
28
30
27
30
43
13
28
29
29
28
29
30
28
29
29
33
27
29
26
26
34
23
33
24
29
30
27
30
27
38
20
28
30
27
29
28
29
28
29
28
31
25
29
29
28
29
49
16
21
28
28
29
30
27
29
28
30
28
31
27
28
28
29
27
29
32
25
28
29
28
28
29
28
28
28
31
28
27
28
29
29
29
29
34
22
31
26
31
26
30
29
28
29
28
29
28
29
30
28
29
31
28
25
29
27
29
31
27
28
28
28
29
30
31
25
29
28
29
31
27
29
30
26
29
28
30
34
23
27
29
29
28
28
29
28
28
