1226
1940
1433
1024
1435
1737
1957
1634
1736
2459
1740
1433
1848
1122
1536
2252
1331
2048
1644
2042
1024
1024
1331
1849
1633
1644
1633
1848
1736
1439
1735
1644
1121
1741
1811
837
2164
1741
2049
1126
1677
1093
2247
1229
1132
1633
1946
921
1640
1432
1747
1535
922
1633
1851
1389
1271
1639
718
1120
1125
1640
1740
2158
1529
1773
992
1637
1536
1234
1280
763
1134
1594
1573
1535
1861
700
1023
1849
916
1739
1578
1291
1746
922
1232
1220
1434
1843
1848
1429
1229
1945
1127
1331
1366
989
1331
1025
1126
1024
1332
1330
1741
1186
1681
1433
1435
1126
2048
1844
2257
1633
615
1024
926
1634
1846
2148
2355
1124
1438
1122
1349
1114
1735
1747
1326
1331
1843
1843
922
2151
1637
1332
1438
2045
1022
2151
1945
1541
1326
1025
1125
1742
2053
2043
1946
1433
1229
1331
1434
2153
1943
1641
718
2306
2405
