34
24
28
28
32
27
29
26
30
26
30
29
31
26
29
34
23
30
27
27
29
28
30
24
29
27
30
26
29
29
29
28
28
36
22
28
29
29
28
29
30
27
28
29
29
27
29
29
28
28
29
34
24
29
28
29
31
26
36
23
26
32
28
27
29
30
28
26
33
32
21
29
29
27
30
26
28
33
24
28
37
24
24
29
40
18
28
32
38
24
53
32
29
29
14
20
19
33
21
28
26
28
28
30
27
33
25
28
28
29
27
29
30
28
34
27
27
30
44
24
21
31
28
22
28
27
31
26
30
28
35
23
27
29
28
27
29
30
27
38
25
28
34
18
28
29
29
28
35
21
30
30
27
27
28
29
29
31
27
28
29
28
29
29
29
28
38
18
30
28
29
31
28
30
24
28
32
29
25
29
27
28
28
28
35
25
30
25
28
29
28
30
27
28
29
28
29
28
29
29
28
28
34
25
43
13
29
31
25
29
31
26
31
28
27
31
29
29
25
29
36
22
29
29
28
30
27
34
22
28
29
30
28
28
28
30
27
30
33
26
25
29
29
29
29
32
25
29
27
29
28
29
29
27
30
28
32
25
29
31
29
26
30
29
28
28
29
28
29
30
33
23
30
27
30
27
28
29
27
29
30
31
24
29
28
29
30
27
34
22
28
29
29
27
29
29
27
29
29
30
26
31
27
29
28
29
32
26
29
28
30
31
25
29
27
29
30
30
25
29
31
26
29
29
31
26
29
29
28
31
27
39
19
30
28
29
31
28
41
15
29
30
28
28
29
30
28
28
29
33
24
29
30
26
29
29
31
26
29
27
28
28
30
28
64
1
22
31
28
26
28
28
30
27
33
24
29
28
29
27
28
30
28
29
29
34
24
27
28
28
29
29
32
24
29
29
28
28
30
37
20
27
31
29
26
30
30
26
29
31
28
27
29
30
27
28
37
27
22
31
26
28
28
28
30
28
30
29
28
27
30
28
28
30
28
37
20
29
28
29
31
26
28
29
29
30
28
28
28
30
27
28
29
31
27
30
27
29
28
29
37
19
31
27
28
28
28
30
28
28
29
28
28
29
28
30
28
29
33
24
28
28
30
27
28
29
30
27
29
31
26
28
28
29
29
29
31
25
30
28
28
31
28
35
21
28
30
28
28
29
29
26
30
27
31
27
27
27
29
32
26
28
29
29
30
29
25
29
27
30
27
30
31
25
30
27
29
31
26
37
21
29
29
29
27
28
30
27
30
30
27
31
25
29
29
30
29
38
18
29
29
28
29
29
30
27
28
31
29
25
28
28
28
28
29
33
24
30
28
29
31
25
29
27
28
30
30
25
30
30
27
28
27
34
25
29
26
29
29
28
28
28
28
29
28
28
29
28
29
28
29
34
22
31
26
28
29
28
29
29
27
29
34
23
29
29
29
28
28
35
22
28
29
28
29
28
29
29
29
28
32
26
29
27
28
28
28
34
23
31
25
29
27
29
32
29
28
31
29
25
30
28
29
28
30
29
29
28
29
28
28
29
34
22
31
26
29
28
29
29
29
28
30
29
27
28
28
28
30
28
33
25
29
28
29
31
27
36
22
29
28
28
28
29
29
27
28
30
29
27
27
33
25
29
28
32
26
34
23
28
28
29
30
28
28
28
29
29
28
29
29
28
28
34
24
29
28
29
28
28
29
29
28
32
30
23
29
28
28
29
29
32
27
32
24
29
29
27
29
26
29
29
32
25
30
30
26
33
25
31
25
30
27
29
29
27
41
15
28
29
29
28
28
35
63
5
11
32
25
28
27
28
28
28
31
25
29
29
34
23
29
27
28
29
30
34
23
30
27
32
26
28
30
27
29
28
33
25
28
28
28
30
28
42
16
32
22
30
28
29
29
27
28
30
26
31
28
28
29
29
30
28
29
29
28
30
27
29
35
23
27
29
29
28
29
31
25
27
29
30
27
42
15
29
28
31
37
18
31
27
28
29
28
30
28
30
28
31
25
28
32
24
30
28
33
25
28
28
29
31
26
28
28
30
28
31
27
27
28
29
28
29
33
28
25
29
29
29
28
36
31
18
30
28
31
26
31
27
28
29
28
29
28
29
29
27
28
35
22
31
27
28
28
29
30
27
28
30
32
25
28
29
28
29
29
31
25
29
28
31
27
29
28
28
28
31
29
26
30
27
29
28
30
29
27
28
28
29
30
26
38
18
29
32
25
29
28
34
24
29
28
30
27
28
30
27
30
28
35
21
29
29
29
27
29
32
24
30
27
