693
522
398
257
257
224
828
1455
653
515
419
402
386
357
351
306
239
315
311
283
310
2068
894
594
436
349
358
317
262
177
186
238
808
521
417
1174
870
300
193
157
123
163
560
932
684
574
454
478
413
329
1940
546
306
261
250
207
250
826
599
452
269
201
255
229
1400
694
395
324
335
298
230
303
226
246
210
234
224
257
1329
1778
779
494
334
308
267
242
252
191
203
547
599
448
402
1320
492
229
216
184
162
150
762
739
498
399
353
373
316
1356
1469
439
279
327
249
205
366
707
487
364
243
188
170
150
1549
835
572
490
496
447
427
419
331
280
269
344
333
348
1870
1013
605
446
382
414
315
280
246
193
193
664
614
424
387
1360
405
263
205
177
204
169
753
609
409
326
262
249
216
1846
790
399
291
294
267
228
591
664
434
373
211
253
191
664
1445
607
468
393
379
302
367
320
243
185
197
212
170
217
1997
870
520
416
358
353
311
280
222
189
173
802
571
451
677
1287
317
239
216
180
177
475
887
541
439
401
380
338
308
1909
651
346
234
206
168
235
857
642
472
344
217
198
162
1310
719
472
375
379
360
354
353
307
257
254
357
373
388
1225
1737
772
535
413
417
314
246
224
154
121
529
737
532
415
1304
626
295
245
184
183
159
793
805
528
524
479
453
392
1233
1723
550
312
264
220
208
295
889
608
403
283
281
220
151
1534
702
464
377
353
308
278
287
252
239
181
242
201
217
1026
848
461
389
334
309
289
285
235
192
202
674
646
474
402
357
323
315
256
197
203
202
865
685
497
399
402
347
283
473
553
520
517
507
491
429
682
850
696
573
569
509
691
663
1672
828
665
979
902
806
727
756
618
620
656
703
678
686
2667
1113
776
685
568
645
572
576
489
427
431
984
771
676
794
1411
525
444
397
329
331
486
910
683
544
633
460
418
387
2503
1003
658
513
508
477
321
933
786
663
531
404
365
285
1079
1370
602
448
925
612
529
489
379
335
243
391
411
387
1529
2285
825
590
426
350
304
269
298
180
128
541
839
613
428
1371
853
433
337
168
132
108
742
854
606
495
634
435
330
1699
2051
795
562
477
434
378
309
1086
747
632
488
363
382
224
1580
837
519
611
781
506
404
481
355
262
205
405
435
393
2230
1600
735
507
353
353
281
268
301
170
154
763
682
443
363
1456
575
391
281
154
105
128
959
702
547
494
605
383
276
2497
1335
734
498
487
454
346
680
924
762
601
397
403
346
185
1617
688
439
750
621
430
351
410
349
257
268
405
405
420
2578
1084
636
423
303
294
250
297
269
139
123
934
648
478
570
1445
507
370
234
130
104
259
940
699
541
577
477
347
293
2560
1033
668
448
495
439
334
809
745
541
416
371
344
260
894
1534
628
452
767
522
440
433
417
304
275
343
381
397
1025
2471
846
538
375
329
290
251
308
194
136
392
815
581
472
1333
797
460
347
173
117
112
553
899
610
508
616
409
282
1556
2008
809
534
424
413
429
276
1047
732
586
448
349
378
200
1513
1032
511
478
715
553
394
426
386
308
202
424
405
433
2000
1794
776
507
349
347
340
313
280
164
118
687
729
537
436
1508
632
391
288
180
162
141
756
772
572
488
574
395
323
2246
1445
665
540
473
450
395
580
839
614
518
428
361
332
163
1771
805
454
662
586
407
361
405
323
253
202
451
359
429
2590
1179
676
439
325
314
264
272
233
139
137
758
559
329
413
1470
559
378
236
155
153
180
1032
788
561
542
509
358
279
2384
1148
655
422
450
423
308
894
830
595
489
380
389
249
644
1651
641
430
718
541
433
388
383
309
285
341
367
397
511
2731
947
528
307
245
236
182
272
215
124
138
936
641
464
1411
796
433
331
180
127
129
417
1019
723
585
601
448
341
1236
2269
911
583
424
474
462
332
1029
722
570
457
369
316
255
1451
1002
597
563
811
595
447
446
370
316
229
450
397
414
1640
1961
729
421
305
284
276
292
328
204
137
589
849
628
473
1463
652
402
287
139
102
108
707
791
548
479
608
456
362
2163
1624
738
542
446
456
412
547
928
628
601
446
369
315
186
1705
765
456
657
601
473
394
441
357
270
191
432
336
377
2389
1452
657
459
352
342
262
251
236
157
131
684
605
414
462
1470
541
372
242
160
137
120
958
749
520
559
552
345
310
2560
1122
692
451
454
442
372
688
792
574
532
420
355
299
587
1696
667
462
720
624
490
425
438
368
304
363
331
271
306
2601
1039
562
331
309
318
259
295
185
144
139
784
530
450
1149
1043
445
340
181
134
130
360
974
694
503
554
403
327
309
2664
902
618
434
473
448
286
1001
721
614
421
354
327
249
1508
1045
562
421
796
525
424
427
341
288
250
411
